[{ "name":"van Rookhuizen, Thijs", 
"round3": [3, 4, 2, 4, 4, 4, 3, 4, 3, 2, 4, 5, 3, 2, 4, 3, 3, 4], 
"round2": [3, 3, 4, 3, 3, 4, 3, 5, 4, 3, 3, 4, 3, 5, 4, 4, 4, 4], 
"round1": [4, 4, 3, 3, 4, 4, 4, 4, 3, 5, 4, 4, 4, 2, 4, 2, 3, 5]},
{ "name":"Huber, Vincent", 
"round3": [4, 4, 3, 5, 4, 4, 3, 4, 3, 4, 3, 5, 3, 3, 4, 2, 3, 5], 
"round2": [3, 3, 4, 2, 4, 3, 4, 4, 5, 3, 4, 4, 3, 4, 4, 4, 3, 4], 
"round1": [4, 3, 3, 4, 3, 4, 4, 3, 3, 4, 4, 4, 3, 3, 4, 3, 3, 5]},
{ "name":"van Bracht, Sam", 
"round3": [4, 4, 3, 3, 3, 4, 3, 4, 3, 5, 4, 4, 3, 3, 5, 3, 2, 4], 
"round2": [5, 4, 5, 3, 3, 3, 4, 4, 4, 3, 3, 4, 4, 4, 4, 4, 3, 3], 
"round1": [4, 4, 3, 4, 3, 4, 4, 4, 3, 4, 4, 5, 3, 2, 4, 3, 2, 5]},
{ "name":"Bartko, Tomas", 
"round3": [4, 2, 2, 3, 4, 4, 3, 5, 3, 5, 5, 5, 4, 3, 4, 3, 3, 4], 
"round2": [3, 4, 4, 3, 3, 3, 4, 4, 5, 4, 3, 4, 4, 6, 4, 5, 3, 3], 
"round1": [4, 3, 2, 4, 4, 5, 3, 3, 3, 4, 4, 4, 3, 2, 4, 3, 3, 5]},
{ "name":"Antonio, Balestra", 
"round3": [4, 4, 3, 4, 4, 4, 3, 4, 3, 4, 2, 5, 3, 2, 3, 3, 4, 5], 
"round2": [3, 4, 4, 3, 3, 3, 4, 5, 5, 4, 3, 5, 3, 4, 6, 5, 3, 3], 
"round1": [4, 4, 3, 4, 4, 5, 4, 4, 2, 4, 4, 4, 3, 2, 4, 2, 3, 5]},
{ "name":"Mazzer, Fabio", 
"round3": [4, 3, 2, 4, 4, 4, 3, 4, 3, 4, 4, 4, 3, 2, 4, 3, 3, 5], 
"round2": [4, 4, 6, 3, 4, 3, 4, 4, 4, 3, 3, 4, 4, 5, 4, 4, 4, 3], 
"round1": [4, 3, 3, 4, 4, 5, 4, 4, 3, 4, 4, 4, 3, 3, 4, 2, 3, 5]},
{ "name":"Tammaro, Daniel", 
"round3": [5, 4, 2, 4, 3, 4, 2, 4, 3, 5, 4, 5, 3, 3, 4, 3, 3, 5], 
"round2": [3, 4, 5, 3, 4, 3, 3, 4, 5, 4, 3, 4, 4, 4, 4, 4, 4, 3], 
"round1": [4, 3, 3, 4, 3, 4, 4, 4, 3, 4, 4, 4, 3, 2, 4, 3, 3, 6]},
{ "name":"van den Broek, Wesley", 
"round3": [5, 4, 2, 4, 4, 4, 2, 5, 4, 5, 4, 4, 3, 2, 4, 3, 3, 4], 
"round2": [4, 4, 4, 3, 2, 3, 4, 5, 4, 3, 3, 5, 4, 6, 4, 4, 5, 5], 
"round1": [4, 3, 3, 5, 3, 4, 3, 4, 3, 4, 4, 3, 3, 2, 4, 2, 3, 5]},
{ "name":"Cedric, BONNOT", 
"round3": [4, 6, 4, 4, 3, 3, 2, 5, 5, 4, 4, 4, 3, 3, 5, 2, 3, 4], 
"round2": [3, 3, 5, 3, 3, 3, 5, 5, 4, 3, 3, 5, 4, 5, 4, 5, 4, 3], 
"round1": [3, 5, 2, 4, 3, 3, 3, 4, 4, 4, 4, 4, 3, 3, 4, 3, 3, 4]},
{ "name":"Garcia, Nicolas", 
"round3": [5, 4, 2, 4, 4, 3, 3, 4, 4, 3, 5, 5, 3, 2, 4, 3, 3, 5], 
"round2": [4, 3, 6, 3, 4, 4, 3, 4, 4, 4, 3, 3, 2, 4, 4, 5, 5, 4], 
"round1": [4, 4, 3, 4, 4, 4, 4, 5, 3, 3, 4, 3, 3, 2, 4, 3, 3, 6]},
{ "name":"Joeri, Jolling", 
"round3": [4, 5, 3, 4, 4, 3, 4, 3, 3, 3, 4, 3, 3, 2, 4, 3, 4, 4], 
"round2": [4, 4, 4, 3, 4, 3, 3, 3, 5, 4, 3, 5, 3, 6, 4, 4, 4, 4], 
"round1": [4, 3, 3, 4, 4, 4, 5, 4, 3, 4, 5, 4, 4, 3, 4, 3, 3, 5]},
{ "name":"Kuipers, Jim", 
"round3": [3, 4, 3, 4, 4, 4, 4, 3, 3, 4, 3, 4, 3, 3, 4, 2, 4, 5], 
"round2": [3, 3, 5, 3, 4, 5, 3, 4, 5, 4, 3, 5, 3, 4, 5, 5, 4, 3], 
"round1": [4, 4, 4, 4, 3, 4, 3, 4, 3, 5, 4, 4, 3, 3, 4, 3, 3, 5]},
{ "name":"Parkinson, Jason", 
"round3": [4, 3, 2, 4, 3, 4, 4, 4, 2, 4, 3, 4, 3, 2, 4, 3, 3, 6], 
"round2": [4, 4, 4, 3, 5, 3, 3, 4, 5, 2, 3, 5, 3, 4, 4, 4, 4, 3], 
"round1": [4, 5, 3, 4, 3, 5, 4, 5, 4, 5, 4, 5, 3, 3, 4, 3, 3, 6]},
{ "name":"Gooijer, Gerbert", 
"round3": [5, 3, 3, 3, 3, 4, 4, 4, 4, 3, 4, 5, 3, 3, 4, 3, 3, 5], 
"round2": [4, 4, 4, 3, 4, 4, 3, 5, 5, 3, 3, 4, 5, 5, 4, 4, 4, 4], 
"round1": [5, 4, 2, 3, 4, 4, 3, 3, 3, 4, 5, 4, 3, 3, 4, 3, 3, 4]},
{ "name":"Frederic, HEDIN", 
"round3": [3, 4, 2, 4, 3, 4, 4, 4, 3, 4, 3, 4, 3, 4, 4, 3, 3, 5], 
"round2": [3, 3, 4, 3, 3, 4, 3, 4, 4, 4, 2, 5, 4, 5, 4, 4, 4, 5], 
"round1": [4, 4, 3, 4, 3, 4, 4, 4, 3, 5, 4, 4, 5, 3, 4, 4, 3, 5]},
{ "name":"Dian, Michal", 
"round3": [6, 4, 2, 3, 3, 3, 3, 5, 3, 4, 3, 4, 2, 3, 5, 4, 4, 4], 
"round2": [4, 4, 4, 4, 4, 4, 3, 4, 5, 3, 3, 5, 3, 4, 4, 4, 4, 4], 
"round1": [5, 4, 2, 3, 3, 4, 4, 4, 3, 4, 4, 4, 4, 3, 4, 3, 4, 5]},
{ "name":"Fabien, Helbois", 
"round3": [4, 3, 2, 4, 3, 4, 3, 4, 3, 4, 4, 5, 3, 2, 4, 3, 3, 6], 
"round2": [3, 4, 5, 4, 3, 3, 4, 4, 5, 3, 3, 5, 4, 4, 5, 4, 4, 3], 
"round1": [5, 4, 3, 4, 4, 5, 4, 4, 3, 4, 4, 4, 3, 3, 5, 2, 3, 4]},
{ "name":"Levchenko, Evgeniy", 
"round3": [4, 4, 3, 3, 4, 5, 2, 4, 2, 4, 4, 4, 3, 3, 4, 4, 4, 4], 
"round2": [4, 4, 4, 3, 3, 3, 4, 4, 4, 3, 3, 4, 4, 4, 5, 4, 4, 3], 
"round1": [4, 3, 3, 5, 3, 5, 3, 4, 4, 5, 4, 4, 4, 3, 5, 3, 3, 5]},
{ "name":"Fernandez Gorgolas, Ignacio", 
"round3": [4, 4, 3, 4, 3, 5, 3, 4, 3, 3, 4, 3, 3, 3, 4, 3, 3, 4], 
"round2": [3, 4, 4, 3, 4, 4, 4, 4, 5, 5, 3, 4, 4, 5, 4, 4, 4, 3], 
"round1": [4, 4, 2, 4, 4, 4, 4, 5, 3, 4, 4, 4, 4, 3, 4, 3, 3, 6]},
{ "name":"Voorendt, Guido", 
"round3": [4, 4, 3, 4, 3, 3, 4, 4, 3, 7, 3, 4, 3, 2, 4, 2, 4, 4], 
"round2": [4, 3, 4, 3, 3, 3, 4, 5, 5, 4, 3, 6, 4, 5, 4, 4, 6, 4], 
"round1": [4, 4, 3, 3, 3, 4, 4, 4, 3, 4, 4, 4, 4, 3, 4, 2, 3, 4]},
{ "name":"Christopher, POU", 
"round3": [4, 3, 2, 4, 3, 4, 4, 4, 2, 4, 5, 4, 3, 2, 4, 3, 3, 5], 
"round2": [4, 5, 5, 3, 4, 4, 4, 5, 5, 4, 3, 5, 4, 4, 4, 4, 3, 3], 
"round1": [5, 4, 3, 4, 4, 4, 3, 4, 3, 5, 3, 5, 3, 2, 4, 3, 4, 4]},
{ "name":"Panero, Marco", 
"round3": [4, 4, 2, 4, 3, 4, 4, 4, 3, 5, 4, 4, 4, 3, 4, 3, 3, 5], 
"round2": [4, 4, 4, 3, 3, 4, 3, 5, 4, 4, 2, 5, 4, 5, 4, 4, 4, 3], 
"round1": [5, 4, 4, 4, 3, 5, 3, 4, 3, 4, 4, 3, 4, 3, 4, 2, 4, 4]},
{ "name":"Clarke, Benjamin", 
"round3": [3, 3, 3, 3, 3, 5, 2, 3, 3, 6, 4, 5, 3, 2, 4, 4, 3, 5], 
"round2": [4, 4, 4, 3, 3, 3, 4, 4, 5, 4, 3, 5, 3, 5, 4, 5, 4, 4], 
"round1": [6, 3, 6, 4, 4, 5, 3, 3, 3, 3, 4, 4, 3, 3, 4, 2, 3, 5]},
{ "name":"van de Kamp, Tristan", 
"round3": [4, 4, 3, 4, 3, 4, 5, 4, 3, 5, 4, 4, 3, 2, 4, 4, 3, 5], 
"round2": [4, 3, 4, 3, 4, 3, 3, 5, 6, 3, 3, 5, 3, 4, 4, 4, 5, 3], 
"round1": [3, 4, 3, 4, 3, 4, 4, 5, 4, 4, 4, 4, 4, 2, 3, 3, 4, 5]},
{ "name":"Pelliccioni, Sebastian", 
"round3": [4, 3, 2, 4, 4, 4, 4, 5, 3, 4, 5, 4, 4, 3, 4, 3, 4, 4], 
"round2": [3, 3, 4, 3, 3, 3, 3, 4, 6, 4, 2, 5, 3, 4, 4, 3, 4, 3], 
"round1": [4, 5, 2, 4, 3, 4, 4, 5, 2, 5, 5, 5, 4, 3, 4, 4, 4, 5]},
{ "name":"Loustau, Lucas", 
"round3": [4, 3, 2, 4, 4, 4, 2, 4, 3, 5, 4, 4, 3, 2, 4, 2, 4, 4], 
"round2": [5, 4, 5, 4, 5, 4, 3, 5, 4, 5, 3, 4, 4, 5, 4, 4, 4, 3], 
"round1": [4, 4, 3, 4, 3, 5, 5, 4, 3, 5, 3, 4, 3, 2, 4, 3, 4, 5]},
{ "name":"Cullum, Jamie", 
"round3": [4, 4, 3, 4, 3, 4, 3, 4, 3, 4, 4, 4, 3, 3, 4, 2, 3, 6], 
"round2": [4, 4, 5, 3, 4, 3, 4, 5, 5, 4, 3, 6, 3, 5, 4, 4, 3, 4], 
"round1": [4, 4, 2, 4, 4, 5, 4, 4, 3, 4, 7, 4, 2, 2, 4, 3, 3, 4]},
{ "name":"Yann, BERTIN", 
"round3": [4, 4, 3, 5, 3, 4, 4, 4, 3, 3, 4, 4, 4, 3, 5, 3, 3, 4], 
"round2": [4, 4, 5, 4, 4, 4, 4, 5, 4, 4, 2, 5, 3, 4, 4, 4, 3, 4], 
"round1": [4, 5, 3, 4, 3, 4, 4, 5, 3, 4, 4, 4, 3, 3, 4, 2, 3, 5]},
{ "name":"Baas, Jan Willem", 
"round3": [4, 4, 4, 4, 4, 4, 4, 4, 3, 5, 4, 4, 3, 3, 4, 3, 3, 5], 
"round2": [4, 3, 4, 3, 4, 3, 3, 5, 4, 4, 3, 5, 3, 5, 5, 5, 4, 3], 
"round1": [5, 4, 2, 4, 4, 5, 3, 4, 4, 3, 4, 4, 3, 2, 4, 3, 3, 5]},
{ "name":"Green, Collin", 
"round3": [5, 4, 3, 4, 3, 3, 3, 4, 3, 5, 4, 4, 4, 3, 5, 3, 3, 5], 
"round2": [4, 4, 4, 3, 3, 4, 3, 4, 5, 3, 2, 5, 3, 4, 4, 4, 4, 4], 
"round1": [5, 4, 3, 4, 4, 3, 4, 4, 3, 4, 4, 5, 3, 2, 5, 5, 3, 5]},
{ "name":"Simoes, Fr\xe9d\xe9ric", 
"round3": [4, 4, 4, 3, 4, 4, 3, 4, 3, 5, 4, 4, 3, 2, 3, 2, 4, 5], 
"round2": [4, 4, 4, 3, 3, 4, 4, 5, 4, 3, 3, 4, 3, 4, 4, 4, 5, 2], 
"round1": [5, 5, 4, 4, 4, 5, 5, 4, 3, 5, 4, 4, 4, 2, 4, 3, 3, 6]},
{ "name":"Romain, LASALLE", 
"round3": [4, 4, 3, 4, 3, 6, 3, 4, 5, 5, 3, 5, 4, 3, 3, 2, 3, 5], 
"round2": [4, 3, 4, 3, 2, 3, 3, 4, 5, 3, 3, 5, 3, 5, 4, 4, 4, 4], 
"round1": [4, 5, 2, 4, 4, 6, 5, 4, 4, 4, 4, 4, 3, 3, 4, 2, 3, 6]},
{ "name":"Bortolin, Gianluca", 
"round3": [4, 4, 3, 3, 3, 4, 3, 4, 3, 5, 3, 5, 3, 2, 5, 2, 3, 5], 
"round2": [4, 4, 6, 3, 3, 4, 4, 4, 5, 4, 3, 6, 3, 5, 4, 5, 5, 3], 
"round1": [4, 4, 3, 4, 3, 4, 4, 4, 3, 5, 4, 4, 3, 2, 5, 3, 3, 5]},
{ "name":"Gubani, Juraj", 
"round3": [3, 5, 3, 4, 3, 4, 4, 4, 2, 4, 3, 4, 3, 2, 5, 3, 4, 5], 
"round2": [4, 4, 4, 3, 3, 4, 3, 5, 6, 3, 4, 6, 3, 5, 4, 4, 4, 4], 
"round1": [4, 4, 2, 3, 3, 4, 3, 4, 3, 5, 6, 5, 3, 3, 4, 3, 4, 5]},
{ "name":"van de Keuken, Herman", 
"round3": [5, 5, 3, 5, 3, 3, 4, 4, 4, 4, 4, 4, 3, 4, 4, 2, 4, 5], 
"round2": [4, 4, 5, 3, 3, 3, 4, 5, 4, 3, 3, 5, 3, 4, 4, 4, 4, 3], 
"round1": [4, 4, 4, 4, 3, 4, 4, 4, 3, 4, 4, 4, 3, 4, 3, 3, 4, 5]},
{ "name":"Wetzel, Simon", 
"round3": [4, 4, 3, 4, 4, 6, 3, 4, 3, 4, 3, 5, 4, 3, 5, 3, 3, 5], 
"round2": [4, 4, 4, 3, 4, 3, 3, 4, 5, 3, 2, 5, 2, 5, 3, 4, 4, 4], 
"round1": [4, 4, 3, 4, 3, 3, 6, 5, 4, 4, 4, 4, 4, 2, 4, 5, 3, 4]},
{ "name":"Laurent, GUENAIRE", 
"round3": [4, 4, 3, 3, 3, 5, 3, 4, 3, 5, 5, 4, 4, 3, 4, 3, 3, 5], 
"round2": [4, 4, 5, 3, 4, 3, 3, 4, 6, 4, 3, 5, 3, 5, 4, 4, 5, 3], 
"round1": [4, 4, 3, 4, 3, 4, 5, 5, 3, 4, 4, 4, 3, 2, 4, 2, 4, 4]},
{ "name":"Perrone, Matias", 
"round3": [4, 3, 4, 3, 3, 5, 3, 4, 3, 3, 4, 4, 3, 3, 4, 3, 3, 4], 
"round2": [4, 4, 4, 3, 4, 3, 3, 4, 5, 4, 3, 5, 4, 5, 4, 4, 4, 5], 
"round1": [4, 4, 5, 4, 4, 4, 4, 5, 4, 4, 4, 4, 3, 3, 4, 4, 3, 5]},
{ "name":"van Eekeres, Neville", 
"round3": [4, 4, 2, 4, 3, 4, 5, 4, 3, 4, 6, 4, 5, 2, 5, 3, 3, 5], 
"round2": [4, 4, 4, 3, 4, 4, 4, 4, 5, 5, 2, 5, 4, 5, 4, 4, 4, 4], 
"round1": [4, 4, 3, 4, 4, 4, 3, 4, 3, 4, 3, 4, 2, 3, 3, 3, 3, 6]},
{ "name":"Jacot, Lionel", 
"round3": [5, 5, 3, 4, 4, 4, 3, 4, 3, 4, 4, 4, 3, 2, 4, 3, 3, 5], 
"round2": [3, 4, 5, 3, 4, 3, 3, 4, 5, 4, 3, 5, 4, 5, 4, 4, 4, 4], 
"round1": [4, 4, 3, 4, 4, 5, 3, 4, 3, 4, 4, 4, 4, 2, 5, 3, 4, 6]},
{ "name":"Oliver, Paul", 
"round3": [4, 4, 2, 3, 4, 4, 3, 6, 4, 4, 6, 4, 3, 3, 5, 3, 3, 5], 
"round2": [5, 4, 4, 3, 3, 3, 3, 4, 5, 4, 3, 4, 3, 5, 4, 4, 4, 4], 
"round1": [4, 5, 3, 4, 4, 5, 4, 4, 3, 4, 4, 4, 3, 3, 3, 3, 4, 5]},
{ "name":"Santor, Luca", 
"round3": [4, 3, 2, 4, 3, 4, 4, 4, 3, 4, 4, 4, 3, 3, 4, 4, 4, 5], 
"round2": [4, 4, 6, 4, 3, 3, 3, 5, 4, 3, 4, 6, 4, 5, 4, 3, 4, 3], 
"round1": [5, 4, 5, 4, 3, 4, 4, 4, 5, 4, 4, 4, 4, 3, 3, 3, 3, 5]},
{ "name":"Damien, CYTWINSKI", 
"round3": [4, 4, 3, 4, 3, 4, 3, 4, 3, 4, 5, 5, 4, 2, 4, 3, 3, 6], 
"round2": [4, 4, 5, 3, 3, 3, 4, 5, 6, 4, 2, 6, 4, 5, 4, 4, 3, 4], 
"round1": [5, 4, 3, 4, 4, 3, 3, 4, 3, 6, 5, 4, 3, 2, 4, 4, 2, 5]},
{ "name":"Lappo, Andrea", 
"round3": [4, 3, 3, 3, 4, 6, 3, 3, 3, 4, 4, 4, 3, 3, 3, 3, 2, 5], 
"round2": [4, 4, 6, 3, 4, 4, 4, 5, 5, 3, 3, 5, 5, 6, 4, 4, 5, 3], 
"round1": [5, 4, 4, 4, 4, 4, 5, 4, 3, 3, 3, 4, 4, 3, 4, 3, 3, 6]},
{ "name":"Nicolas, PUSSINI", 
"round3": [6, 4, 3, 4, 4, 4, 6, 4, 3, 5, 4, 5, 3, 2, 5, 3, 3, 5], 
"round2": [4, 4, 4, 3, 3, 4, 3, 5, 5, 3, 3, 5, 3, 4, 4, 5, 3, 4], 
"round1": [4, 4, 4, 4, 4, 4, 3, 4, 3, 4, 4, 4, 3, 3, 4, 4, 3, 5]},
{ "name":"Tengeri, Tomas", 
"round3": [4, 5, 3, 4, 4, 4, 3, 4, 3, 4, 4, 6, 3, 3, 4, 2, 3, 6], 
"round2": [3, 4, 5, 2, 3, 3, 4, 5, 5, 4, 3, 6, 4, 4, 4, 4, 5, 3], 
"round1": [5, 4, 4, 3, 3, 4, 4, 5, 3, 3, 4, 4, 3, 3, 5, 5, 3, 5]},
{ "name":"Pavan, Marco", 
"round3": [4, 3, 3, 4, 3, 5, 3, 5, 3, 4, 4, 4, 4, 3, 4, 3, 4, 5], 
"round2": [4, 4, 5, 3, 3, 3, 4, 5, 5, 4, 3, 5, 4, 4, 3, 4, 5, 3], 
"round1": [4, 4, 3, 5, 4, 4, 4, 5, 3, 4, 4, 3, 4, 4, 4, 4, 3, 5]},
{ "name":"Arnestad, Stein Tengs", 
"round3": [5, 3, 3, 4, 4, 4, 3, 4, 3, 4, 3, 4, 4, 3, 5, 3, 4, 5], 
"round2": [4, 4, 4, 3, 4, 3, 4, 4, 5, 4, 3, 5, 4, 6, 4, 4, 4, 3], 
"round1": [4, 4, 4, 4, 4, 5, 4, 4, 3, 5, 4, 5, 3, 3, 4, 3, 2, 5]},
{ "name":"Guillaume, DODET", 
"round3": [4, 3, 3, 4, 4, 4, 4, 4, 3, 4, 6, 4, 4, 2, 5, 3, 3, 5], 
"round2": [4, 4, 5, 3, 4, 3, 4, 4, 4, 4, 3, 4, 3, 5, 4, 4, 4, 3], 
"round1": [4, 4, 3, 4, 3, 5, 4, 5, 5, 5, 5, 4, 3, 2, 4, 4, 3, 5]},
{ "name":"Romuald, Pretot", 
"round3": [5, 4, 3, 4, 3, 4, 5, 5, 4, 4, 4, 4, 4, 3, 5, 3, 4, 5], 
"round2": [4, 5, 5, 3, 4, 3, 3, 3, 5, 3, 3, 5, 3, 4, 5, 4, 4, 3], 
"round1": [4, 4, 3, 5, 4, 4, 5, 4, 3, 4, 3, 4, 4, 3, 4, 3, 3, 5]},
{ "name":"Iron, Nick", 
"round3": [4, 4, 3, 5, 3, 4, 3, 4, 3, 5, 6, 4, 3, 3, 4, 2, 3, 7], 
"round2": [4, 3, 5, 3, 4, 3, 4, 4, 4, 4, 3, 5, 3, 5, 4, 4, 4, 4], 
"round1": [4, 4, 3, 4, 4, 4, 3, 4, 3, 5, 4, 5, 3, 3, 5, 4, 4, 5]},
{ "name":"Mostaard, Danny", 
"round3": [5, 5, 4, 4, 3, 3, 5, 4, 3, 5, 5, 4, 4, 3, 4, 3, 4, 5], 
"round2": [3, 4, 4, 3, 3, 3, 3, 4, 4, 4, 2, 5, 4, 5, 5, 4, 4, 3], 
"round1": [4, 5, 3, 4, 3, 4, 4, 5, 4, 5, 4, 4, 3, 2, 5, 3, 3, 6]},
{ "name":"Frederic, CREVON", 
"round3": [4, 4, 3, 4, 4, 4, 3, 4, 3, 5, 5, 5, 4, 4, 4, 2, 4, 5], 
"round2": [4, 4, 5, 3, 3, 4, 3, 4, 5, 4, 3, 5, 3, 5, 3, 4, 4, 3], 
"round1": [4, 4, 3, 5, 4, 4, 4, 4, 4, 4, 5, 5, 4, 2, 4, 3, 3, 5]},
{ "name":"Azenha, Fl\xe1vio", 
"round3": [3, 4, 3, 4, 3, 4, 3, 4, 3, 4, 4, 4, 3, 3, 5, 3, 4, 8], 
"round2": [4, 4, 5, 5, 3, 5, 3, 4, 5, 4, 3, 5, 3, 4, 4, 4, 4, 4], 
"round1": [5, 4, 2, 4, 3, 4, 4, 4, 4, 5, 5, 4, 4, 3, 3, 3, 3, 5]},
{ "name":"Gy\xf6rgy, Podusil", 
"round3": [5, 3, 3, 4, 4, 6, 3, 4, 3, 5, 5, 4, 3, 2, 4, 3, 3, 5], 
"round2": [4, 4, 5, 4, 4, 3, 4, 4, 7, 3, 4, 4, 3, 5, 4, 4, 4, 5], 
"round1": [4, 4, 3, 4, 3, 4, 4, 3, 3, 6, 4, 6, 3, 3, 5, 2, 3, 4]},
{ "name":"Stoffer, Germon", 
"round3": [4, 4, 3, 4, 4, 4, 3, 4, 3, 4, 5, 4, 3, 2, 4, 4, 3, 5], 
"round2": [4, 4, 4, 3, 4, 3, 4, 6, 5, 4, 3, 5, 4, 5, 4, 4, 4, 3], 
"round1": [4, 4, 3, 4, 4, 5, 5, 5, 3, 4, 4, 5, 4, 3, 5, 3, 2, 5]},
{ "name":"Voost, Matthijs", 
"round3": [4, 4, 3, 4, 4, 4, 3, 5, 4, 3, 5, 4, 4, 2, 6, 3, 3, 5], 
"round2": [4, 3, 4, 4, 3, 3, 4, 4, 5, 4, 3, 6, 3, 7, 4, 4, 5, 3], 
"round1": [4, 4, 2, 4, 4, 5, 4, 5, 4, 4, 4, 4, 2, 3, 5, 3, 3, 5]},
{ "name":"Karakas, Attila", 
"round3": [4, 4, 3, 4, 3, 4, 4, 5, 3, 5, 4, 5, 4, 4, 5, 2, 4, 4], 
"round2": [5, 4, 4, 2, 3, 3, 4, 4, 5, 3, 3, 5, 4, 6, 4, 4, 5, 3], 
"round1": [4, 4, 3, 4, 4, 4, 4, 4, 3, 4, 4, 5, 3, 3, 5, 3, 4, 5]},
{ "name":"Wallbanks, Daniel", 
"round3": [4, 4, 3, 4, 3, 4, 4, 4, 4, 5, 5, 5, 3, 3, 4, 4, 4, 5], 
"round2": [4, 4, 4, 3, 4, 4, 6, 4, 5, 4, 3, 5, 3, 4, 4, 5, 4, 4], 
"round1": [4, 4, 3, 4, 3, 4, 4, 4, 3, 5, 3, 4, 3, 3, 4, 3, 3, 5]},
{ "name":"Monti, Matteo", 
"round3": [5, 4, 3, 5, 3, 4, 3, 4, 4, 6, 4, 4, 3, 2, 4, 2, 3, 4], 
"round2": [4, 5, 4, 3, 3, 4, 4, 4, 5, 3, 3, 6, 3, 5, 4, 5, 4, 3], 
"round1": [4, 5, 4, 5, 4, 4, 3, 5, 4, 5, 3, 5, 3, 3, 6, 3, 4, 5]},
{ "name":"Alexandre, DODET", 
"round3": [5, 5, 3, 4, 3, 5, 4, 4, 4, 4, 3, 5, 3, 3, 4, 3, 3, 4], 
"round2": [3, 4, 4, 3, 3, 4, 3, 5, 7, 4, 6, 4, 3, 4, 4, 4, 4, 3], 
"round1": [5, 4, 5, 4, 3, 5, 4, 4, 3, 4, 5, 4, 4, 3, 5, 3, 3, 5]},
{ "name":"Tabet, El Mrabti", 
"round3": [4, 4, 3, 7, 5, 4, 5, 4, 3, 4, 3, 4, 4, 2, 4, 4, 3, 4], 
"round2": [4, 4, 4, 3, 4, 2, 3, 5, 4, 3, 3, 5, 6, 5, 5, 4, 5, 3], 
"round1": [3, 6, 4, 4, 5, 4, 4, 4, 3, 5, 3, 5, 4, 2, 4, 2, 4, 5]},
{ "name":"Kikus, Tomas", 
"round3": [5, 4, 3, 4, 3, 4, 2, 4, 3, 6, 4, 6, 3, 2, 4, 2, 3, 7], 
"round2": [5, 5, 5, 3, 3, 4, 4, 3, 5, 4, 3, 5, 4, 6, 5, 4, 5, 3], 
"round1": [5, 5, 3, 4, 4, 4, 4, 4, 3, 4, 3, 4, 3, 2, 6, 3, 3, 5]},
{ "name":"P\xe9ter, Papp", 
"round3": [4, 5, 3, 4, 4, 5, 3, 4, 3, 5, 4, 5, 4, 3, 5, 3, 3, 5], 
"round2": [4, 4, 5, 3, 3, 3, 6, 4, 4, 4, 3, 5, 3, 5, 3, 4, 4, 3], 
"round1": [4, 5, 3, 4, 4, 4, 5, 4, 3, 4, 5, 4, 3, 3, 5, 2, 4, 6]},
{ "name":"Bennett, Lee", 
"round3": [4, 4, 9, 5, 4, 4, 4, 4, 4, 4, 4, 4, 3, 2, 4, 2, 4, 5], 
"round2": [4, 4, 5, 2, 4, 2, 4, 4, 5, 4, 3, 5, 4, 5, 5, 4, 4, 4], 
"round1": [5, 4, 3, 4, 4, 4, 4, 4, 4, 4, 5, 4, 4, 3, 4, 2, 3, 5]},
{ "name":"Macias, Martin", 
"round3": [3, 4, 4, 3, 4, 6, 3, 4, 4, 4, 5, 4, 3, 3, 5, 2, 4, 4], 
"round2": [4, 3, 4, 3, 4, 3, 4, 5, 4, 5, 2, 4, 4, 5, 4, 5, 5, 4], 
"round1": [4, 4, 3, 5, 3, 4, 3, 5, 3, 5, 5, 5, 5, 3, 6, 2, 5, 5]},
{ "name":"Smit, Daniel", 
"round3": [4, 4, 7, 4, 5, 4, 4, 4, 5, 5, 4, 4, 3, 4, 4, 3, 3, 4], 
"round2": [4, 4, 5, 3, 3, 4, 5, 4, 6, 4, 3, 5, 3, 5, 4, 5, 3, 4], 
"round1": [3, 3, 3, 4, 3, 4, 4, 4, 4, 5, 3, 4, 3, 3, 3, 4, 5, 5]},
{ "name":"Simoncic, Martin", 
"round3": [4, 4, 3, 4, 4, 5, 3, 4, 3, 4, 6, 4, 3, 3, 4, 3, 3, 5], 
"round2": [3, 4, 6, 3, 4, 4, 3, 3, 5, 4, 3, 5, 3, 5, 4, 4, 4, 4], 
"round1": [5, 4, 4, 5, 3, 4, 4, 4, 4, 5, 4, 4, 5, 4, 5, 3, 4, 5]},
{ "name":"Mayer, Sven", 
"round3": [4, 5, 3, 4, 4, 4, 4, 5, 3, 5, 5, 6, 4, 3, 4, 3, 3, 6], 
"round2": [3, 4, 5, 4, 3, 4, 4, 4, 5, 4, 3, 6, 3, 4, 5, 4, 4, 3], 
"round1": [4, 4, 3, 4, 3, 4, 3, 4, 3, 5, 5, 5, 3, 3, 4, 3, 4, 5]},
{ "name":"Nicolas, COUSIN", 
"round3": [5, 4, 3, 4, 3, 5, 3, 5, 4, 6, 5, 5, 3, 3, 6, 2, 4, 6], 
"round2": [4, 3, 4, 3, 3, 3, 4, 4, 5, 4, 3, 4, 3, 5, 4, 4, 4, 3], 
"round1": [3, 4, 6, 4, 4, 5, 5, 4, 3, 4, 5, 4, 3, 3, 5, 3, 3, 5]},
{ "name":"Simoncic, Igor", 
"round3": [4, 5, 2, 4, 4, 5, 3, 5, 3, 5, 4, 4, 3, 3, 5, 2, 3, 5], 
"round2": [5, 4, 5, 2, 4, 3, 3, 4, 5, 4, 3, 5, 4, 5, 5, 4, 6, 4], 
"round1": [5, 4, 2, 4, 3, 6, 4, 4, 5, 5, 4, 5, 5, 2, 5, 2, 3, 5]},
{ "name":"Downie, Drew", 
"round3": [3, 4, 4, 4, 5, 4, 3, 5, 4, 5, 4, 5, 3, 2, 4, 4, 3, 5], 
"round2": [3, 4, 5, 3, 4, 3, 4, 5, 7, 4, 2, 5, 4, 5, 4, 4, 5, 3], 
"round1": [5, 4, 3, 5, 3, 4, 4, 4, 4, 5, 4, 4, 4, 3, 4, 3, 3, 6]},
{ "name":"Christophe, Keuleers", 
"round3": [4, 4, 3, 4, 4, 6, 3, 4, 3, 4, 4, 5, 3, 3, 4, 3, 4, 6], 
"round2": [5, 4, 6, 3, 4, 4, 4, 5, 5, 4, 3, 5, 4, 5, 4, 4, 4, 3], 
"round1": [5, 5, 3, 4, 4, 4, 4, 4, 3, 5, 4, 4, 4, 3, 3, 3, 3, 5]},
{ "name":"Andy, Buchla", 
"round3": [5, 5, 2, 4, 4, 5, 4, 5, 3, 4, 5, 5, 3, 3, 5, 2, 5, 5], 
"round2": [4, 4, 5, 4, 4, 3, 4, 5, 5, 4, 3, 5, 3, 6, 4, 5, 4, 3], 
"round1": [4, 4, 3, 3, 4, 4, 4, 3, 3, 6, 3, 5, 3, 3, 5, 3, 3, 5]},
{ "name":"Cox, Ian", 
"round3": [4, 4, 5, 4, 4, 5, 3, 4, 2, 5, 5, 6, 5, 4, 3, 4, 4, 4], 
"round2": [4, 4, 3, 3, 3, 5, 3, 4, 5, 3, 3, 5, 3, 8, 4, 4, 4, 3], 
"round1": [5, 4, 3, 3, 3, 4, 4, 4, 4, 6, 5, 5, 3, 2, 4, 4, 3, 5]},
{ "name":"Vangel, Dusan", 
"round3": [4, 3, 3, 4, 5, 6, 6, 4, 5, 4, 4, 5, 3, 2, 5, 3, 4, 5], 
"round2": [4, 4, 5, 3, 3, 4, 4, 4, 6, 4, 3, 5, 3, 6, 4, 4, 5, 3], 
"round1": [5, 3, 2, 4, 3, 5, 4, 4, 4, 5, 4, 4, 3, 2, 4, 5, 4, 4]},
{ "name":"L\xe1szl\xf3, Szab\xf3", 
"round3": [5, 5, 4, 4, 4, 5, 3, 4, 3, 4, 4, 5, 3, 3, 3, 3, 4, 6], 
"round2": [4, 4, 5, 3, 3, 3, 4, 5, 5, 3, 3, 5, 4, 5, 4, 4, 4, 3], 
"round1": [5, 5, 4, 4, 3, 5, 5, 4, 3, 6, 4, 5, 3, 3, 5, 2, 3, 6]},
{ "name":"Secher Jensen, Simon", 
"round3": [5, 4, 3, 4, 3, 4, 4, 5, 3, 5, 4, 5, 3, 3, 5, 3, 3, 5], 
"round2": [4, 4, 5, 3, 4, 4, 3, 4, 4, 3, 3, 5, 4, 5, 4, 5, 4, 3], 
"round1": [5, 4, 2, 6, 3, 4, 4, 5, 4, 5, 5, 4, 5, 3, 5, 3, 4, 5]},
{ "name":"Morgan, Matthew", 
"round3": [5, 4, 3, 4, 4, 6, 3, 4, 4, 5, 5, 4, 4, 2, 4, 4, 5, 5], 
"round2": [3, 4, 4, 3, 3, 3, 3, 4, 5, 4, 3, 5, 4, 4, 4, 4, 4, 4], 
"round1": [4, 4, 3, 4, 4, 5, 3, 4, 4, 6, 5, 5, 4, 3, 5, 2, 4, 6]},
{ "name":"Rompis, Marvin", 
"round3": [5, 4, 3, 4, 3, 4, 5, 4, 3, 4, 5, 4, 5, 3, 5, 3, 5, 6], 
"round2": [3, 4, 5, 3, 4, 3, 4, 4, 5, 4, 3, 5, 3, 5, 4, 4, 5, 3], 
"round1": [5, 4, 3, 4, 4, 4, 4, 4, 3, 4, 5, 6, 2, 2, 5, 3, 5, 5]},
{ "name":"Robinson, Toby", 
"round3": [5, 4, 4, 4, 3, 4, 5, 5, 5, 4, 5, 5, 3, 2, 4, 3, 4, 5], 
"round2": [4, 4, 5, 3, 4, 3, 4, 4, 5, 5, 4, 5, 3, 5, 4, 4, 3, 3], 
"round1": [5, 4, 3, 5, 3, 6, 4, 4, 3, 5, 3, 5, 3, 3, 4, 4, 4, 5]},
{ "name":"Di Bello, Simone", 
"round3": [5, 5, 3, 4, 3, 5, 4, 4, 4, 6, 5, 4, 3, 2, 4, 3, 3, 6], 
"round2": [3, 4, 5, 3, 4, 4, 4, 4, 7, 3, 3, 5, 4, 5, 5, 5, 4, 3], 
"round1": [3, 4, 3, 4, 2, 5, 5, 5, 4, 4, 4, 5, 4, 4, 4, 2, 3, 6]},
{ "name":"D\xedaz Alfonso, Zeben", 
"round3": [7, 4, 3, 4, 4, 4, 3, 5, 4, 3, 4, 5, 3, 3, 4, 6, 3, 5], 
"round2": [3, 3, 5, 3, 3, 3, 4, 5, 5, 3, 3, 4, 4, 4, 4, 4, 5, 4], 
"round1": [4, 5, 3, 4, 4, 5, 3, 4, 3, 5, 4, 4, 4, 3, 5, 3, 4, 9]},
{ "name":"Munnik, Dave", 
"round3": [4, 4, 3, 4, 3, 4, 4, 6, 4, 7, 3, 6, 4, 3, 4, 4, 3, 5], 
"round2": [3, 5, 4, 4, 4, 3, 4, 5, 5, 4, 3, 4, 3, 5, 4, 4, 5, 3], 
"round1": [3, 5, 6, 4, 3, 7, 5, 4, 2, 5, 3, 5, 3, 3, 3, 3, 3, 5]},
{ "name":"Remy, HETRU", 
"round3": [5, 4, 3, 5, 4, 5, 3, 4, 3, 5, 5, 4, 4, 3, 5, 3, 4, 5], 
"round2": [5, 4, 4, 3, 4, 4, 3, 5, 5, 4, 3, 5, 4, 6, 5, 4, 4, 3], 
"round1": [4, 5, 4, 5, 4, 4, 4, 5, 3, 5, 4, 3, 3, 2, 5, 4, 4, 5]},
{ "name":"O Donnell, Ian", 
"round3": [6, 5, 4, 5, 4, 4, 3, 5, 3, 5, 5, 4, 4, 3, 4, 5, 3, 6], 
"round2": [4, 4, 5, 3, 4, 4, 3, 5, 6, 5, 3, 5, 3, 5, 5, 4, 4, 3], 
"round1": [4, 4, 3, 4, 4, 5, 4, 4, 2, 4, 4, 4, 5, 3, 4, 3, 3, 5]},
{ "name":"Mendive, Lucas", 
"round3": [5, 4, 4, 4, 4, 4, 4, 5, 3, 5, 4, 5, 4, 3, 5, 4, 4, 5], 
"round2": [3, 4, 5, 3, 4, 3, 4, 5, 7, 3, 3, 5, 4, 5, 5, 4, 3, 3], 
"round1": [5, 5, 4, 5, 4, 5, 4, 4, 3, 4, 4, 5, 4, 3, 4, 2, 4, 6]},
{ "name":"Guti\xe9rrez L\xf3pez, Sergio", 
"round3": [4, 4, 4, 4, 4, 4, 4, 4, 3, 5, 5, 8, 3, 3, 5, 3, 4, 5], 
"round2": [5, 3, 4, 3, 3, 5, 3, 5, 4, 5, 3, 4, 3, 4, 4, 4, 5, 4], 
"round1": [5, 5, 3, 5, 5, 5, 3, 4, 4, 4, 5, 5, 4, 3, 4, 3, 3, 7]},
{ "name":"Jacobs, Pascal", 
"round3": [5, 5, 3, 4, 3, 5, 3, 5, 5, 9, 6, 5, 3, 3, 8, 3, 4, 5], 
"round2": [4, 4, 4, 3, 4, 3, 4, 4, 4, 5, 4, 5, 4, 5, 4, 5, 5, 3], 
"round1": [4, 4, 3, 4, 4, 4, 5, 4, 3, 3, 3, 5, 4, 3, 4, 3, 4, 5]},
{ "name":"Venturelli, Davide", 
"round3": [5, 5, 6, 4, 3, 6, 3, 5, 5, 5, 5, 4, 4, 3, 5, 3, 4, 5], 
"round2": [3, 3, 6, 3, 7, 4, 4, 5, 5, 4, 3, 5, 3, 6, 4, 4, 3, 5], 
"round1": [4, 5, 4, 4, 3, 6, 4, 4, 2, 5, 4, 4, 3, 2, 5, 3, 3, 6]},
{ "name":"Perna, Stefano", 
"round3": [4, 3, 4, 3, 3, 3, 3, 4, 5, 4, 4, 4, 3, 4, 4, 4, 3, 33], 
"round2": [5, 5, 5, 3, 3, 4, 5, 5, 6, 3, 2, 5, 3, 4, 4, 4, 5, 3], 
"round1": [6, 4, 3, 5, 3, 3, 4, 4, 3, 4, 5, 5, 5, 3, 5, 3, 4, 7]},
{ "name":"Oostburg, Valentijn", 
"round3": [3, 5, 5, 3, 3, 3, 4, 4, 5, 4, 2, 5, 3, 5, 4, 4, 3, 33], 
"round2": [5, 4, 6, 3, 3, 4, 3, 4, 5, 5, 3, 5, 3, 5, 4, 4, 4, 2], 
"round1": [8, 4, 3, 3, 5, 5, 3, 4, 3, 6, 5, 5, 4, 3, 4, 4, 3, 6]},
{ "name":"Christophe, FREJUS", 
"round3": [4, 4, 4, 3, 3, 4, 3, 4, 6, 4, 2, 5, 3, 4, 4, 3, 5, 33], 
"round2": [4, 4, 5, 3, 5, 3, 4, 4, 6, 4, 3, 4, 4, 4, 7, 4, 3, 3], 
"round1": [4, 4, 3, 7, 4, 4, 4, 4, 4, 4, 4, 5, 4, 4, 5, 3, 3, 6]},
{ "name":"Zaal, Rudi", 
"round3": [3, 4, 4, 3, 3, 3, 3, 4, 5, 4, 4, 5, 3, 5, 4, 5, 4, 33], 
"round2": [4, 4, 5, 3, 3, 2, 4, 4, 5, 4, 3, 6, 4, 5, 3, 4, 4, 4], 
"round1": [6, 5, 4, 5, 3, 5, 4, 5, 3, 5, 5, 5, 4, 2, 5, 3, 3, 6]},
{ "name":"Marcante, Gilberto", 
"round3": [3, 4, 4, 3, 3, 3, 3, 4, 4, 4, 2, 4, 4, 7, 4, 5, 4, 33], 
"round2": [4, 5, 5, 3, 4, 4, 4, 4, 6, 4, 3, 5, 3, 5, 4, 5, 4, 3], 
"round1": [5, 4, 5, 4, 4, 4, 4, 4, 3, 5, 4, 5, 4, 3, 4, 4, 4, 5]},
{ "name":"Diodato, Enrico", 
"round3": [4, 3, 4, 3, 4, 4, 3, 4, 6, 4, 3, 4, 3, 5, 4, 4, 4, 33], 
"round2": [5, 4, 5, 3, 4, 4, 4, 4, 5, 4, 3, 5, 3, 5, 4, 4, 5, 4], 
"round1": [5, 4, 4, 4, 4, 5, 5, 5, 3, 4, 3, 4, 4, 3, 5, 3, 4, 6]},
{ "name":"Perrone, Julian", 
"round3": [4, 4, 4, 3, 3, 3, 3, 4, 4, 3, 3, 5, 4, 5, 5, 5, 3, 34], 
"round2": [4, 4, 4, 3, 4, 4, 4, 5, 5, 3, 3, 6, 3, 5, 5, 5, 4, 3], 
"round1": [5, 3, 3, 3, 4, 5, 4, 4, 4, 8, 6, 5, 3, 3, 6, 2, 2, 6]},
{ "name":"vd Wal, Auke", 
"round3": [4, 5, 6, 2, 3, 3, 4, 5, 5, 2, 3, 5, 4, 4, 4, 4, 5, 34], 
"round2": [4, 4, 5, 3, 4, 3, 5, 4, 6, 3, 3, 5, 4, 4, 4, 4, 5, 4], 
"round1": [5, 4, 2, 5, 4, 5, 4, 5, 4, 5, 5, 5, 4, 3, 4, 3, 4, 5]},
{ "name":"Godoy M\xe1rquez, Iv\xe1n", 
"round3": [4, 4, 4, 4, 4, 3, 3, 4, 6, 4, 3, 5, 3, 6, 4, 4, 3, 34], 
"round2": [5, 5, 5, 5, 4, 4, 4, 4, 5, 4, 4, 5, 4, 5, 4, 4, 4, 3], 
"round1": [4, 5, 3, 4, 5, 5, 4, 4, 3, 4, 5, 5, 4, 2, 4, 3, 3, 5]},
{ "name":"Novak, Daniel", 
"round3": [4, 4, 4, 3, 3, 3, 4, 4, 6, 4, 3, 5, 3, 4, 6, 4, 5, 33], 
"round2": [4, 4, 5, 4, 4, 5, 4, 5, 5, 4, 3, 5, 3, 6, 4, 5, 3, 3], 
"round1": [4, 4, 4, 4, 5, 5, 3, 4, 4, 4, 5, 4, 4, 3, 5, 3, 3, 6]}]